形式语言与自动机
1234567840123456
Shi chuan
www.bupt.com
2016 1 9
2016 1 9
1
it's a good book.这书挺-好使的。
1
0 0
0 0
计算机网络
2014020101111101
啊的 sewe
_
2014 2 1
1999 6 19
1
好啊
0
0 0
0 0
概率论
2011010171111101
十月
北邮 buptrsc
2011 1 1
1999 2 15
1
ssss
0
0 0
0 0
算法
1999021619121701
吕青
清华大学出版社
1999 2 16
1999 4 12
2
好书
0
0 0
0 0
算法
1999021619121702
吕青
清华大学出版社
1999 2 16
1999 6 16
2
好书
0
0 0
0 0
三国演义
1999041719121201
罗贯中
啦啦啦
1999 4 17
1999 8 30
3
好看!
0
0 0
0 0
三国演义
1999041719121202
罗贯中
啦啦啦
1999 4 17
1999 4 28
3
好看!
0
0 0
0 0
三国演义
1999041719121203
罗贯中
啦啦啦
1999 4 17
1999 6 16
3
好看!
0
0 0
0 0
#