英语视听说教程
2000121125122301
卢志鸿
外研社
2000 12 11
2001 12 11
1
内容丰富，形式多样，语境真实，语言地道，强调应用。
0
0 0
0 0
C++ Primer Plus
2001071203191002
Stephen Prata
计算机出版联合会
2001 7 12
2001 7 12
2
C++是在C语言基础上开发的一种集面向对象编程、通用编程和传统的过程化编程于一体的编程语言，是C语言的超集。
0
0 0
0 0
C++ Primer Plus
2001071203191002
Stephen Prata
计算机出版联合会
2001 7 12
2001 7 12
2
C++是在C语言基础上开发的一种集面向对象编程、通用编程和传统的过程化编程于一体的编程语言，是C语言的超集。
0
0 0
0 0
离散数学答案
2001080712190201
数学侠
北京邮电大学出版社
2001 8 7
2001 8 7
1
作业答案，不可外传！
1
0 0
0 0
红楼梦
2001100208031802
曹雪芹
人民出版社
2001 10 2
2001 10 2
3
四大名著之一。
0
0 0
0 0
红楼梦
2001100208031803
曹雪芹
人民出版社
2001 10 2
2001 10 2
3
四大名著之一。
0
0 0
0 0
红楼梦
2001100208031804
曹雪芹
人民出版社
2001 10 2
2001 10 2
3
四大名著之一。
0
0 0
0 0
黑暗魔法-从入门到精通
2002013008060805
伏地魔
黑魔头出版社
2002 1 30
2002 1 30
1
食死徒的队伍欢迎您的加入！
1
0 0
0 0
相对论
2002042124011206
爱因斯坦
厉害出版社
2002 4 21
2002 4 21
1
狭义广义，傻傻分不清。
0
0 0
0 0
#