宋江
1
111
111
91
2 2 0
2001080712190201
2002 6 21
2001100208031804
2002 7 18
1 1
2002013008060805
李逵
0
222
222
梁山泊
100
2 2 0
2001071203191002
2002 7 1
2000121125122301
2002 7 1
0 0
孙悟空
0
333
333
五行山
100
1 1 0
2002042124011206
2002 7 6
1 1
2000121125122301
哈利波特
0
444
444
Gryffindor
100
0 0 0
0 0
斯内普
1
555
555
100
1 1 0
2002013008060805
2002 7 6
1 1
2001080712190201
牛魔王
0
666
666
火焰山
100
0 0 0
0 0
荆轲
1
777
777
100
0 0 0
0 0
马云
0
888
888
阿里巴巴
100
0 0 0
0 0
贞子
1
999
999
100
0 0 0
0 0
#
user
user
user